4598
1055
499
3130
4286
4281
844
1507
3817
3423
700
4548
1908
2321
3871
4010
675
1106
2303
3346
149
4402
1374
1777
2563
4700
572
1966
2370
4018
2419
253
268
2184
1931
1460
1277
3653
3914
3943
288
3934
2725
506
2656
3033
4005
3742
3663
2740
4671
3070
2210
1002
4593
2215
3314
2458
1602
4231
3806
538
630
3377
167
1479
1582
2036
3969
786
1188
3233
415
1257
2548
3299
2171
4898
1792
3613
4088
4683
2693
2441
3454
3999
4798
2476
3646
1980
4279
3452
4216
2732
1957
4294
2007
4279
3514
4530
3936
621
2064
2264
3267
4299
3559
579
298
3781
3662
2088
1561
2828
4673
3969
3648
2690
2111
6
2247
3986
3969
287
484
2199
4189
3105
682
74
2733
2784
1340
1672
1628
1466
4256
3984
4759
2588
624
4629
3470
2791
4245
3443
527
2745
1938
2702
2988
2801
4692
3622
1621
818
3592
3786
3428
2961
1872
2517
3853
250
3034
2113
2943
4744
4914
3897
3612
3567
1521
4157
3753
4244
686
1840
3090
2565
4269
1972
618
2276
729
408
1310
3402
932
2667
2507
2223
4255
4698
2774
4163
865
4060
4364
1938
3078
2772
3714
4772
465
912
2929
1595
1237
589
4415
4843
41
3891
345
4223
4780
3737
4587
1687
2128
4304
2265
930
651
4072
4833
2797
2984
4184
4522
2945
1498
1751
4498
2266
3551
663
2328
3599
4665
2834
2773
1424
3318
4562
4873
3864
596
377
2179
4851
4761
2246
2263
2257
2356
997
4164
3182
288
3047
3104
4754
2128
1151
2843
3172
4977
3889
1277
4816
511
4328
533
937
4297
4140
3540
1535
759
3739
4657
3084
1147
427
2830
4549
4349
731
2786
4567
2688
838
2064
4147
3779
3272
4784
94
3713
2812
1661
2885
4210
4123
2856
293
4278
3262
2677
604
3250
1873
1065
4540
341
3204
1319
4457
2837
2251
4470
980
4532
2963
3158
1558
969
4007
2489
3144
1258
3580
2924
1616
1294
4129
1665
2089
305
4230
95
2498
2709
4693
3417
3032
2411
4867
729
4808
981
4439
4513
4134
3546
1869
2010
4421
2864
2840
4770
2363
1269
4569
4885
3727
4416
3784
3116
196
2152
4791
1923
453
1942
3167
3063
3280
4646
1151
2247
3109
62
479
2072
655
4687
2384
1988
2677
314
3195
1755
3258
599
2548
3860
3743
2439
3715
29
814
795
4082
1836
1940
4108
1451
4037
4656
4738
1536
2808
83
4398
2474
3313
2706
3471
2462
1
2589
612
3237
2183
4032
4282
2308
2002
1947
2662
203
274
3495
3588
598
1866
3535
2542
2025
2065
1306
20
3468
698
2772
1306
2887
292
1342
773
353
3826
1391
2832
4071
2457
3585
2237
1754
3232
4166
3594
2429
1005
2353
4020
1746
350
3004
378
826
3809
4628
3004
3966
3734
3941
1238
3312
3073
3469
4303
1918
4990
2933
1610
1204
2814
2174
4832
2347
3031
2983
2473
738
1064
3368
3018
647
2975
2929
462
2636
4315
4980
1055
2470
2476
4733
3561
2916
2722
358
2184
4254
4341
4956
2542
1370
4686
2936
2612
1366
1806
4761
2923
1155
1358
2760
4205
529
4647
1372
1432
4990
3204
334
4860
1958
3415
2796
1803
4903
4577
215
4615
1156
1188
4431
2927
124
4293
615
4781
841
4414
2386
308
192
3371
4123
4749
4020
2866
4356
972
1239
4089
140
647
1461
3106
147
578
647
4499
4461
4870
4379
1451
1516
138
1853
2060
4980
142
3756
4082
647
3722
1479
1848
4053
290
2205
3168
1828
1190
189
3742
1897
2731
3858
2630
4164
1513
2071
3416
566
733
4421
2317
4054
4466
4483
4438
338
4633
92
666
20
1542
721
1884
4426
1549
2181
3608
4733
4715
1786
477
1917
4605
587
4156
2033
3587
2045
4302
2758
4820
353
0
2412
413
4587
3645
3823
2098
681
1777
1369
1604
3733
1179
1566
4060
4209
4894
1405
608
2355
3426
4554
453
4697
3605
4893
3607
2190
3581
853
2711
126
1094
3706
65
4603
4616
3689
3763
4676
4077
657
4528
2158
863
3532
2114
3693
2729
2409
1397
977
2889
3138
4013
624
4107
234
1580
3747
1420
4546
1861
3809
4978
4181
1384
1713
2139
1904
776
3398
4079
4116
1393
1199
1906
2214
3144
1779
4372
2912
1167
1139
2921
4711
4078
584
2536
1969
3619
4123
3797
2802
2442
1085
4515
3791
44
16
235
4802
4857
3394
3546
3786
3945
3639
204
3101
1949
2604
1533
3138
2678
2459
629
734
464
2577
710
251
1862
3052
2812
502
1666
699
3970
623
4137
2255
3428
1402
3253
2259
553
1814
1462
2856
2807
3460
1951
2332
2513
4747
3230
2273
1859
1515
3402
3960
1373
550
4469
4267
258
3358
3147
810
596
736
595
4163
3198
55
1200
2554
2888
1899
4581
3025
2168
3722
2463
4253
4655
652
384
4130
1850
3095
1172
2409
4161
2573
180
226
2875
2074
4586
2390
3335
4640
3841
2084
2322
478
1605
61
4783
3533
647
2200
1310
1259
613
1416
1782
752
3837
1349
3208
206
2370
3098
4897
393
610
3800
4490
3300
2464
4645
3720
3246
451
2500
3430
4265
363
2389
190
180
2353
951
3569
1479
2958
4825
554
2447
4715
4690
4767
1436
2606
4887
245
4945
4549
2585
948
1911
4029
1213
283
4198
3838
4545
1239
912
4782
4569
3354
3991
900
2943
3092
2344
420
3336
3722
1968
4668
1188
178
4026
1974
789
2543
1721
2357
4863
581
190
769
1762
3414
2550
381
3634
496
3366
2621
215
3780
2809
4913
903
718
107
4164
2952
4772
4051
976
1762
3385
2148
4703
3254
1642
2067
3409
4970
1830
4216
3466
1377
3457
2892
3713
1098
135
4967
3586
4515
2751
4304
2082
4798
3152
2465
4118
886
424
3373
850
2257
3851
1338
2476
2405
3876
2962
3182
97
4418
4489
492
3327
2280
4165
